

Data inputs torch.Size([8, 1, 1364])
 tensor([[[ 0.0000,  1.1100,  1.7500,  ..., 50.1900, 50.1900, 50.2600]],

        [[ 0.0000,  0.5000,  0.0000,  ..., 50.5600, 50.3500, 50.4400]],

        [[ 5.4000,  6.1700,  4.1200,  ..., 52.6600, 52.4700, 52.1700]],

        ...,

        [[16.3500, 15.9400, 16.2400,  ..., 55.4800, 55.6500, 55.7700]],

        [[ 2.4000,  2.7500,  3.0900,  ..., 52.9200, 53.0000, 52.9200]],

        [[ 0.5600,  0.0000,  0.2900,  ..., 45.7100, 45.6700, 45.3800]]])

Data labels torch.Size([8])
 tensor([1, 0, 0, 0, 0, 0, 1, 0])

 